0.22435897435897437
0.23717948717948717
0.23461538461538461
0.23461538461538461
0.2423076923076923
0.23846153846153847
0.23717948717948717
0.23333333333333334
0.23846153846153847
0.24102564102564103
0.24487179487179486
0.24102564102564103
0.23974358974358975
0.23974358974358975
0.24358974358974358
0.25
0.25384615384615383
0.2512820512820513
0.24871794871794872
0.2551282051282051
0.258974358974359
0.26282051282051283
0.2602564102564103
0.25256410256410255
0.2551282051282051
0.2512820512820513
0.27692307692307694
0.2641025641025641
0.2551282051282051
0.258974358974359
0.2641025641025641
0.26282051282051283
0.2602564102564103
0.2743589743589744
0.2653846153846154
0.2705128205128205
0.2794871794871795
0.2692307692307692
0.27692307692307694
0.27307692307692305
0.28076923076923077
0.2717948717948718
0.2705128205128205
0.27564102564102566
0.27692307692307694
0.2782051282051282
0.28846153846153844
0.2794871794871795
0.2846153846153846
0.2833333333333333
0.28974358974358977
0.28846153846153844
0.28205128205128205
0.29615384615384616
0.3
0.30128205128205127
0.29615384615384616
0.2923076923076923
0.30641025641025643
0.3076923076923077
0.3
0.31025641025641026
0.30641025641025643
0.30641025641025643
0.3153846153846154
0.31666666666666665
0.31666666666666665
0.30512820512820515
0.3230769230769231
0.3141025641025641
0.3141025641025641
0.3243589743589744
0.32564102564102565
0.32051282051282054
0.3384615384615385
0.3243589743589744
0.32564102564102565
0.3294871794871795
0.3282051282051282
0.3333333333333333
0.3384615384615385
0.3435897435897436
0.33205128205128204
0.3384615384615385
0.3346153846153846
0.3423076923076923
0.3423076923076923
0.34615384615384615
0.3435897435897436
0.35512820512820514
0.36923076923076925
0.35128205128205126
0.3576923076923077
0.35128205128205126
0.35384615384615387
0.36923076923076925
0.37051282051282053
0.3628205128205128
0.367948717948718
0.36153846153846153
0.36666666666666664
0.37435897435897436
0.36923076923076925
0.382051282051282
0.382051282051282
0.3769230769230769
0.37435897435897436
0.3858974358974359
0.38461538461538464
0.38333333333333336
0.4012820512820513
0.3858974358974359
0.38846153846153847
0.3858974358974359
0.38974358974358975
0.38846153846153847
0.3935897435897436
0.3858974358974359
0.3935897435897436
0.3923076923076923
0.4012820512820513
0.4064102564102564
0.39871794871794874
0.4012820512820513
0.4115384615384615
0.4076923076923077
0.4115384615384615
0.4205128205128205
0.4115384615384615
0.4115384615384615
0.4153846153846154
0.41794871794871796
0.41794871794871796
0.4153846153846154
0.43846153846153846
0.4307692307692308
0.4358974358974359
0.41923076923076924
0.4423076923076923
0.43333333333333335
0.43333333333333335
0.43333333333333335
0.43974358974358974
0.4307692307692308
0.4307692307692308
0.4423076923076923
0.43846153846153846
0.44743589743589746
0.4512820512820513
0.43846153846153846
0.4461538461538462
0.4576923076923077
0.4461538461538462
0.45256410256410257
0.4512820512820513
0.44743589743589746
0.44487179487179485
0.45256410256410257
0.4653846153846154
0.46923076923076923
0.4564102564102564
0.45384615384615384
0.46153846153846156
0.4653846153846154
0.4653846153846154
0.4564102564102564
0.46282051282051284
0.47692307692307695
0.4846153846153846
0.48717948717948717
0.4782051282051282
0.4717948717948718
0.4858974358974359
0.4705128205128205
0.4794871794871795
0.48205128205128206
0.4782051282051282
0.4846153846153846
0.48205128205128206
0.48205128205128206
0.4846153846153846
0.4846153846153846
0.4846153846153846
0.4807692307692308
0.491025641025641
0.4935897435897436
0.4794871794871795
0.49615384615384617
0.4935897435897436
0.4948717948717949
0.5
0.5051282051282051
0.5025641025641026
0.49615384615384617
0.4987179487179487
0.49743589743589745
0.514102564102564
0.5012820512820513
0.5102564102564102
0.5064102564102564
0.5153846153846153
0.5089743589743589
0.5025641025641026
0.5243589743589744
0.5243589743589744
0.5230769230769231
0.5115384615384615
0.5166666666666667
0.5294871794871795
0.5243589743589744
0.5256410256410257
0.5205128205128206
0.5205128205128206
0.5205128205128206
0.5243589743589744
0.5333333333333333
0.5205128205128206
0.5230769230769231
0.5230769230769231
0.5205128205128206
0.5192307692307693
0.5371794871794872
0.5333333333333333
0.541025641025641
0.541025641025641
0.5294871794871795
0.532051282051282
0.5346153846153846
0.5358974358974359
0.5346153846153846
0.5423076923076923
0.5435897435897435
0.5358974358974359
0.5423076923076923
0.5435897435897435
0.5435897435897435
0.5512820512820513
0.5525641025641026
0.558974358974359
0.5371794871794872
0.5448717948717948
0.5435897435897435
0.5538461538461539
0.5512820512820513
0.5512820512820513
0.5474358974358975
0.5564102564102564
0.558974358974359
0.5512820512820513
0.5538461538461539
0.5576923076923077
0.5717948717948718
0.5756410256410256
0.5628205128205128
0.5602564102564103
0.5717948717948718
0.5602564102564103
0.5807692307692308
0.5820512820512821
0.5653846153846154
0.5717948717948718
0.5692307692307692
0.573076923076923
0.573076923076923
0.5756410256410256
0.5807692307692308
0.5769230769230769
0.5820512820512821
0.573076923076923
0.5705128205128205
0.5679487179487179
0.5820512820512821
0.5807692307692308
0.5858974358974359
0.5858974358974359
0.5948717948717949
0.5807692307692308
0.5871794871794872
0.5807692307692308
0.5846153846153846
0.5948717948717949
0.5871794871794872
0.5858974358974359
0.591025641025641
0.5871794871794872
0.591025641025641
0.6064102564102564
0.5935897435897436
0.5974358974358974
0.5974358974358974
0.5948717948717949
0.5987179487179487
0.5858974358974359
0.5961538461538461
0.6089743589743589
0.6025641025641025
0.5948717948717949
0.6038461538461538
0.6
0.5948717948717949
0.6076923076923076
0.6076923076923076
0.6
0.6076923076923076
0.6064102564102564
0.6205128205128205
0.617948717948718
0.617948717948718
0.6141025641025641
0.6038461538461538
0.6128205128205129
0.6141025641025641
0.6166666666666667
0.6141025641025641
0.6153846153846154
0.617948717948718
0.6166666666666667
0.617948717948718
0.6192307692307693
0.6217948717948718
0.6358974358974359
0.6243589743589744
0.6141025641025641
0.6166666666666667
0.6230769230769231
0.6166666666666667
0.6230769230769231
0.6243589743589744
0.6230769230769231
0.6205128205128205
0.6410256410256411
0.6294871794871795
0.632051282051282
0.6294871794871795
0.6333333333333333
0.632051282051282
0.6538461538461539
0.6269230769230769
0.6333333333333333
0.6410256410256411
0.6435897435897436
0.632051282051282
0.6525641025641026
0.6435897435897436
0.6397435897435897
0.6423076923076924
0.6282051282051282
0.6384615384615384
0.6448717948717949
0.6397435897435897
0.6410256410256411
0.6487179487179487
0.65
0.6448717948717949
0.6448717948717949
0.6512820512820513
0.6358974358974359
0.6487179487179487
0.6435897435897436
0.6474358974358975
0.6615384615384615
0.6615384615384615
0.65
0.6512820512820513
0.6602564102564102
0.6628205128205128
0.6564102564102564
0.6576923076923077
0.6576923076923077
0.6602564102564102
0.6628205128205128
0.6564102564102564
0.6615384615384615
0.6653846153846154
0.6538461538461539
0.6602564102564102
0.6641025641025641
0.658974358974359
0.6692307692307692
0.6653846153846154
0.6705128205128205
0.6679487179487179
0.6705128205128205
0.6743589743589744
0.6692307692307692
0.6717948717948717
0.6628205128205128
0.6756410256410257
0.6692307692307692
0.6705128205128205
0.6705128205128205
0.6782051282051282
0.6858974358974359
0.6833333333333333
0.6782051282051282
0.6743589743589744
0.6846153846153846
0.6794871794871795
0.6858974358974359
0.6782051282051282
0.6794871794871795
0.6897435897435897
0.6871794871794872
0.6846153846153846
0.6897435897435897
0.6871794871794872
0.6923076923076923
0.7
0.6935897435897436
0.6961538461538461
0.6897435897435897
0.6897435897435897
0.6871794871794872
0.6948717948717948
0.6974358974358974
0.7038461538461539
0.7038461538461539
0.6974358974358974
0.6987179487179487
0.7076923076923077
0.6923076923076923
0.717948717948718
0.7038461538461539
0.7192307692307692
0.7115384615384616
0.7025641025641025
0.7
0.7
0.7025641025641025
0.7012820512820512
0.7141025641025641
0.7141025641025641
0.7166666666666667
0.7076923076923077
0.7076923076923077
0.7153846153846154
0.7102564102564103
0.7192307692307692
0.708974358974359
0.7141025641025641
0.717948717948718
0.7102564102564103
0.7230769230769231
0.7128205128205128
0.7217948717948718
0.7256410256410256
0.7205128205128205
0.7307692307692307
0.7269230769230769
0.7256410256410256
0.717948717948718
0.7256410256410256
0.7217948717948718
0.7371794871794872
0.7256410256410256
0.7282051282051282
0.7474358974358974
0.7294871794871794
0.7371794871794872
0.7371794871794872
0.7384615384615385
0.7346153846153847
0.7487179487179487
0.7371794871794872
0.7384615384615385
0.7435897435897436
0.7397435897435898
0.7397435897435898
0.7487179487179487
0.7512820512820513
0.7397435897435898
0.7512820512820513
0.7461538461538462
0.7423076923076923
0.7564102564102564
0.7487179487179487
0.7487179487179487
0.7538461538461538
0.7487179487179487
0.7551282051282051
0.7461538461538462
0.7589743589743589
0.7525641025641026
0.7589743589743589
0.7525641025641026
0.75
0.7602564102564102
0.7730769230769231
0.767948717948718
0.767948717948718
0.7576923076923077
0.7692307692307693
0.7653846153846153
0.7717948717948718
0.7628205128205128
0.7730769230769231
0.7628205128205128
0.7717948717948718
0.7769230769230769
0.7730769230769231
0.7666666666666667
0.767948717948718
0.7756410256410257
0.7730769230769231
0.7756410256410257
0.7807692307692308
0.7794871794871795
0.7756410256410257
0.7794871794871795
0.7705128205128206
0.7833333333333333
0.782051282051282
0.7794871794871795
0.7871794871794872
0.7794871794871795
0.7846153846153846
0.7846153846153846
0.7884615384615384
0.7897435897435897
0.7871794871794872
0.791025641025641
0.8012820512820513
0.7858974358974359
0.7961538461538461
0.7897435897435897
0.7897435897435897
0.7974358974358975
0.7935897435897435
0.791025641025641
0.791025641025641
0.8051282051282052
0.7897435897435897
0.8
0.7961538461538461
0.7961538461538461
0.7974358974358975
0.8025641025641026
0.8012820512820513
0.8064102564102564
0.8128205128205128
0.8076923076923077
0.8051282051282052
0.8205128205128205
0.8064102564102564
0.8076923076923077
0.8102564102564103
0.8038461538461539
0.8051282051282052
0.8115384615384615
0.808974358974359
0.8051282051282052
0.8115384615384615
0.8076923076923077
0.8051282051282052
0.8153846153846154
0.8153846153846154
0.823076923076923
0.8179487179487179
0.8166666666666667
0.8128205128205128
0.8205128205128205
0.8307692307692308
0.8179487179487179
0.8153846153846154
0.8128205128205128
0.8115384615384615
0.8192307692307692
0.8153846153846154
0.8153846153846154
0.8166666666666667
0.8205128205128205
0.8307692307692308
0.8217948717948718
0.8294871794871795
0.8179487179487179
0.8346153846153846
0.8294871794871795
0.8320512820512821
0.8256410256410256
0.8294871794871795
0.823076923076923
0.8423076923076923
0.8269230769230769
0.8243589743589743
0.8256410256410256
0.8320512820512821
0.8294871794871795
0.8320512820512821
0.8282051282051283
0.8320512820512821
0.8384615384615385
0.8371794871794872
0.841025641025641
0.8576923076923076
0.8423076923076923
0.8358974358974359
0.8346153846153846
0.8384615384615385
0.8397435897435898
0.8320512820512821
0.8423076923076923
0.8384615384615385
0.8615384615384616
0.8551282051282051
0.8423076923076923
0.8435897435897436
0.8461538461538461
0.8474358974358974
0.8397435897435898
0.8423076923076923
0.8448717948717949
0.841025641025641
0.8512820512820513
0.8448717948717949
0.8474358974358974
0.8461538461538461
0.8461538461538461
0.8525641025641025
0.8512820512820513
0.8512820512820513
0.8448717948717949
0.8551282051282051
0.85
0.8576923076923076
0.85
0.8487179487179487
0.8551282051282051
0.8474358974358974
0.85
0.8602564102564103
0.8538461538461538
0.8487179487179487
0.8551282051282051
0.8525641025641025
0.85
0.8538461538461538
0.8538461538461538
0.8551282051282051
0.8653846153846154
0.8564102564102564
0.8589743589743589
0.8666666666666667
0.8551282051282051
0.8576923076923076
0.8615384615384616
0.8602564102564103
0.8628205128205129
0.8641025641025641
0.8564102564102564
0.8576923076923076
0.8641025641025641
0.867948717948718
0.8666666666666667
0.8666666666666667
0.8666666666666667
0.8628205128205129
0.8705128205128205
0.8666666666666667
0.8666666666666667
0.8615384615384616
0.8653846153846154
0.8666666666666667
0.8692307692307693
0.8717948717948718
0.8705128205128205
0.867948717948718
0.882051282051282
0.8692307692307693
0.8666666666666667
0.8782051282051282
0.8743589743589744
0.8769230769230769
0.8743589743589744
0.867948717948718
0.8717948717948718
0.8692307692307693
0.8730769230769231
0.8756410256410256
0.8769230769230769
0.8769230769230769
0.8743589743589744
0.8846153846153846
0.8743589743589744
0.8807692307692307
0.8743589743589744
0.8756410256410256
0.8884615384615384
0.8846153846153846
0.8756410256410256
0.8743589743589744
0.882051282051282
0.8782051282051282
0.8794871794871795
0.8884615384615384
0.8794871794871795
0.8794871794871795
0.882051282051282
0.8910256410256411
0.8833333333333333
0.8782051282051282
0.8846153846153846
0.8846153846153846
0.8846153846153846
0.8884615384615384
0.8833333333333333
0.8897435897435897
0.8884615384615384
0.882051282051282
0.8858974358974359
0.8884615384615384
0.8884615384615384
0.882051282051282
0.8871794871794871
0.8833333333333333
0.8948717948717949
0.8897435897435897
0.8897435897435897
0.8871794871794871
0.8923076923076924
0.8871794871794871
0.8935897435897436
0.8871794871794871
0.8910256410256411
0.8948717948717949
0.8974358974358975
0.8923076923076924
0.8961538461538462
0.8948717948717949
0.8948717948717949
0.8923076923076924
0.8923076923076924
0.9038461538461539
0.8923076923076924
0.8974358974358975
0.9
0.8935897435897436
0.8974358974358975
0.8910256410256411
0.8961538461538462
0.8948717948717949
0.8948717948717949
0.9115384615384615
0.8961538461538462
0.9102564102564102
0.9064102564102564
0.9012820512820513
0.9012820512820513
0.9102564102564102
0.8987179487179487
0.9064102564102564
0.8961538461538462
0.9
0.9
0.9064102564102564
0.9
0.9051282051282051
0.9064102564102564
0.9025641025641026
0.9051282051282051
0.9012820512820513
0.9025641025641026
0.9038461538461539
0.9051282051282051
0.9102564102564102
0.9
0.908974358974359
0.9064102564102564
0.9076923076923077
0.9025641025641026
0.9076923076923077
0.9102564102564102
0.9128205128205128
0.9064102564102564
0.9064102564102564
0.9076923076923077
0.9205128205128205
0.9025641025641026
0.9192307692307692
0.9051282051282051
0.9115384615384615
0.908974358974359
0.9102564102564102
0.9076923076923077
0.9064102564102564
0.9051282051282051
0.9051282051282051
0.9076923076923077
0.908974358974359
0.9192307692307692
0.9166666666666666
0.9115384615384615
0.9102564102564102
0.9115384615384615
0.9128205128205128
0.9115384615384615
0.9128205128205128
0.9128205128205128
0.9141025641025641
0.9115384615384615
0.9166666666666666
0.9115384615384615
0.9192307692307692
0.9192307692307692
0.9128205128205128
0.9128205128205128
0.9115384615384615
0.9256410256410257
0.9166666666666666
0.9179487179487179
0.9141025641025641
0.9141025641025641
0.9115384615384615
0.926923076923077
0.9205128205128205
0.9230769230769231
0.9153846153846154
0.9294871794871795
0.9307692307692308
0.9230769230769231
0.9166666666666666
0.9192307692307692
0.9256410256410257
0.9217948717948717
0.9192307692307692
0.9205128205128205
0.9166666666666666
0.9205128205128205
0.9166666666666666
0.9205128205128205
0.9294871794871795
0.9166666666666666
0.9243589743589744
0.9243589743589744
0.9205128205128205
0.9179487179487179
0.9166666666666666
0.9217948717948717
0.9205128205128205
0.9230769230769231
0.9230769230769231
0.9230769230769231
0.9243589743589744
0.9256410256410257
0.9371794871794872
0.9333333333333333
0.9217948717948717
0.926923076923077
0.9230769230769231
0.9346153846153846
0.9358974358974359
0.9294871794871795
0.9256410256410257
0.9294871794871795
0.9243589743589744
0.9230769230769231
0.9282051282051282
0.9282051282051282
0.9320512820512821
0.9320512820512821
0.9320512820512821
0.9320512820512821
0.9320512820512821
0.9397435897435897
0.9346153846153846
0.9333333333333333
0.9333333333333333
0.9320512820512821
0.9346153846153846
0.9256410256410257
0.9333333333333333
0.9333333333333333
0.9320512820512821
0.9307692307692308
0.9320512820512821
0.9307692307692308
0.9358974358974359
0.9346153846153846
0.9358974358974359
0.9320512820512821
0.9358974358974359
0.9333333333333333
0.9371794871794872
0.9307692307692308
0.9384615384615385
0.9358974358974359
0.9371794871794872
0.9358974358974359
0.9333333333333333
0.9333333333333333
0.9397435897435897
0.9346153846153846
0.9371794871794872
0.9358974358974359
0.9371794871794872
0.9371794871794872
0.9307692307692308
0.9346153846153846
0.9333333333333333
0.941025641025641
0.9333333333333333
0.9358974358974359
0.9358974358974359
0.9358974358974359
0.9358974358974359
0.9371794871794872
0.9333333333333333
0.9358974358974359
0.9384615384615385
0.9397435897435897
0.9333333333333333
0.9346153846153846
0.9384615384615385
0.9384615384615385
0.9371794871794872
0.9384615384615385
0.9397435897435897
0.9397435897435897
0.9384615384615385
0.9423076923076923
0.9371794871794872
0.9397435897435897
0.9346153846153846
0.9397435897435897
0.9384615384615385
0.941025641025641
0.9371794871794872
0.9358974358974359
0.9358974358974359
0.9371794871794872
0.9384615384615385
0.941025641025641
0.9397435897435897
0.9384615384615385
0.9397435897435897
0.9397435897435897
0.9397435897435897
0.941025641025641
0.9384615384615385
0.9423076923076923
0.941025641025641
0.9371794871794872
0.9384615384615385
0.9397435897435897
0.9397435897435897
0.9435897435897436
0.941025641025641
0.9423076923076923
0.9448717948717948
0.9448717948717948
0.9423076923076923
0.9384615384615385
0.941025641025641
0.9423076923076923
0.9384615384615385
0.9423076923076923
0.941025641025641
0.941025641025641
0.9435897435897436
0.9423076923076923
0.9435897435897436
0.9397435897435897
0.9448717948717948
0.9448717948717948
0.9461538461538461
0.9461538461538461
0.941025641025641
0.9423076923076923
0.9423076923076923
0.9423076923076923
0.9435897435897436
0.9397435897435897
0.9448717948717948
0.9435897435897436
0.9423076923076923
0.9435897435897436
0.9435897435897436
0.941025641025641
0.9474358974358974
0.9461538461538461
0.9448717948717948
0.9435897435897436
0.9474358974358974
0.9423076923076923
0.9423076923076923
0.9435897435897436
0.9423076923076923
0.9423076923076923
0.9435897435897436
0.9448717948717948
0.9474358974358974
0.9461538461538461
0.9423076923076923
0.9435897435897436
0.9448717948717948
0.9423076923076923
0.9435897435897436
0.9461538461538461
0.9448717948717948
0.9461538461538461
0.9448717948717948
0.9461538461538461
0.9461538461538461
0.9435897435897436
0.9448717948717948
0.9448717948717948
0.9435897435897436
0.9448717948717948
0.9474358974358974
0.9461538461538461
0.9474358974358974
0.9461538461538461
0.9435897435897436
0.9461538461538461
0.9461538461538461
0.9448717948717948
0.9474358974358974
0.9435897435897436
0.9448717948717948
0.9435897435897436
0.9448717948717948
0.9448717948717948
0.9448717948717948
0.9461538461538461
0.9474358974358974
0.9461538461538461
0.9461538461538461
0.9461538461538461
0.9461538461538461
0.9461538461538461
0.9461538461538461
0.9461538461538461
0.9448717948717948
0.9435897435897436
0.9448717948717948
0.9448717948717948
0.9448717948717948
0.9461538461538461
0.9487179487179487
0.9474358974358974
0.9474358974358974
0.9487179487179487
0.9474358974358974
0.9474358974358974
0.9461538461538461
0.9461538461538461
0.9487179487179487
0.9487179487179487
0.9474358974358974
0.9461538461538461
0.9474358974358974
0.9461538461538461
0.9474358974358974
0.9474358974358974
0.9461538461538461
0.9474358974358974
0.9474358974358974
0.9461538461538461
0.9474358974358974
0.9461538461538461
0.9487179487179487
0.9474358974358974
0.9474358974358974
0.9474358974358974
0.95
0.9461538461538461
0.9474358974358974
0.9461538461538461
0.9474358974358974
0.9487179487179487
0.9474358974358974
0.9474358974358974
0.9461538461538461
0.9487179487179487
0.9474358974358974
0.9474358974358974
0.9474358974358974
0.9487179487179487
0.9487179487179487
0.9487179487179487
0.9461538461538461
0.9474358974358974
0.9474358974358974
0.9487179487179487
0.9487179487179487
0.9487179487179487
0.9487179487179487
0.9474358974358974
0.9474358974358974
0.95
0.95
0.9487179487179487
0.9474358974358974
0.9512820512820512
0.9487179487179487
0.9512820512820512
0.9487179487179487
0.95
0.9487179487179487
0.9474358974358974
0.9487179487179487
0.95
0.9487179487179487
0.9487179487179487
0.9487179487179487
0.9487179487179487
0.9487179487179487
0.95
0.95
0.9487179487179487
0.95
0.9487179487179487
0.95
0.9487179487179487
0.95
0.9474358974358974
0.9474358974358974
0.9512820512820512
0.9487179487179487
0.95
0.95
0.9487179487179487
0.9487179487179487
0.9487179487179487
0.95
0.95
0.9512820512820512
0.95
0.95
0.95
0.9512820512820512
0.9512820512820512
0.9512820512820512
0.95
0.95
0.9512820512820512
0.9512820512820512
0.95
0.9487179487179487
0.9487179487179487
0.95
0.9487179487179487
0.95
0.9512820512820512
0.95
0.9487179487179487
0.9487179487179487
0.9512820512820512
0.9487179487179487
0.9512820512820512
0.9487179487179487
0.95
0.9512820512820512
0.9512820512820512
0.95
