0.5936883629191322
0.5936883629191322
0.6153846153846154
0.5680473372781065
0.5739644970414202
0.5798816568047337
0.5779092702169625
0.6015779092702169
0.6232741617357002
0.591715976331361
0.5700197238658777
0.5936883629191322
0.5739644970414202
0.5877712031558185
0.5956607495069034
0.6568047337278107
0.5877712031558185
0.6173570019723866
0.6173570019723866
0.5877712031558185
0.5857988165680473
0.591715976331361
0.631163708086785
0.5996055226824457
0.6252465483234714
0.6173570019723866
0.6291913214990138
0.6134122287968442
0.6094674556213018
0.6528599605522682
0.5936883629191322
0.6390532544378699
0.6094674556213018
0.6252465483234714
0.6232741617357002
0.6035502958579881
0.6015779092702169
0.6528599605522682
0.6351084812623274
0.6942800788954635
0.6351084812623274
0.6232741617357002
0.650887573964497
0.7100591715976331
0.6548323471400395
0.6725838264299803
0.6627218934911243
0.7021696252465484
0.6725838264299803
0.6863905325443787
0.6587771203155819
0.650887573964497
0.6646942800788954
0.7140039447731755
0.6351084812623274
0.6666666666666666
0.6765285996055227
0.6587771203155819
0.6666666666666666
0.6686390532544378
0.6706114398422091
0.6903353057199211
0.7140039447731755
0.6706114398422091
0.7080867850098619
0.6706114398422091
0.73767258382643
0.73767258382643
0.6923076923076923
0.6962524654832347
0.7140039447731755
0.7001972386587771
0.7140039447731755
0.6804733727810651
0.7396449704142012
0.7692307692307693
0.7455621301775148
0.7435897435897436
0.7317554240631163
0.7080867850098619
0.7140039447731755
0.7416173570019724
0.7554240631163708
0.7396449704142012
0.7810650887573964
0.7712031558185405
0.7712031558185405
0.7928994082840237
0.7435897435897436
0.7928994082840237
0.7712031558185405
0.8303747534516766
0.7830374753451677
0.7672583826429981
0.8303747534516766
0.8126232741617357
0.8777120315581854
0.8777120315581854
0.8126232741617357
0.8698224852071006
0.8224852071005917
0.8382642998027613
0.8224852071005917
0.8224852071005917
0.8402366863905325
0.8698224852071006
0.8441814595660749
0.8698224852071006
0.8698224852071006
0.8441814595660749
0.863905325443787
0.8717948717948718
0.9704142011834319
0.8777120315581854
0.9704142011834319
0.863905325443787
0.8717948717948718
0.9704142011834319
0.9704142011834319
0.9704142011834319
0.9704142011834319
0.9704142011834319
0.8777120315581854
0.9704142011834319
0.9704142011834319
0.9704142011834319
0.9704142011834319
0.9704142011834319
0.9704142011834319
0.9704142011834319
0.9704142011834319
0.9704142011834319
0.9704142011834319
0.9704142011834319
0.9704142011834319
0.9704142011834319
0.9704142011834319
0.9704142011834319
0.9704142011834319
0.9704142011834319
0.9704142011834319
0.9704142011834319
0.9704142011834319
0.9704142011834319
