0.6349206349206349
0.6412698412698413
0.6412698412698413
0.6603174603174603
0.6571428571428571
0.6571428571428571
0.7904761904761904
0.6666666666666666
0.7111111111111111
0.6698412698412698
0.6761904761904762
0.8126984126984127
0.6761904761904762
0.6507936507936508
0.6793650793650794
0.6634920634920635
0.6952380952380952
0.7301587301587301
0.6793650793650794
0.6793650793650794
0.6634920634920635
0.6825396825396826
0.7174603174603175
0.7206349206349206
0.6952380952380952
0.7238095238095238
0.6761904761904762
0.6571428571428571
0.692063492063492
0.692063492063492
0.6825396825396826
0.7174603174603175
0.6888888888888889
0.707936507936508
0.6761904761904762
0.7555555555555555
0.7365079365079366
0.726984126984127
0.7523809523809524
0.8
0.7047619047619048
0.707936507936508
0.7396825396825397
0.7523809523809524
0.7746031746031746
0.7111111111111111
0.7523809523809524
0.7396825396825397
0.746031746031746
0.7619047619047619
0.726984126984127
0.765079365079365
0.726984126984127
0.7428571428571429
0.746031746031746
0.7428571428571429
0.7333333333333333
0.7682539682539683
0.7587301587301587
0.7746031746031746
0.8
0.780952380952381
0.8063492063492064
0.7682539682539683
0.8793650793650793
0.8412698412698413
0.8031746031746032
0.780952380952381
0.834920634920635
0.8793650793650793
0.8793650793650793
0.8031746031746032
0.8126984126984127
0.8793650793650793
0.8222222222222222
0.8095238095238095
0.8444444444444444
0.8126984126984127
0.8603174603174604
0.8793650793650793
0.8571428571428571
0.8793650793650793
0.8793650793650793
0.8888888888888888
0.8825396825396825
0.8793650793650793
0.8793650793650793
0.8825396825396825
0.8793650793650793
0.8857142857142857
0.8888888888888888
0.8888888888888888
0.9650793650793651
0.9301587301587302
0.9301587301587302
0.9301587301587302
0.9650793650793651
0.9238095238095239
0.9142857142857143
0.9174603174603174
0.9174603174603174
0.9650793650793651
0.9650793650793651
0.9238095238095239
0.9650793650793651
0.9650793650793651
0.9650793650793651
0.9650793650793651
0.9238095238095239
0.9650793650793651
0.9650793650793651
0.9650793650793651
0.9650793650793651
0.9650793650793651
0.9650793650793651
0.9650793650793651
0.9650793650793651
0.9650793650793651
0.9650793650793651
0.9650793650793651
