0.20970149253731343
0.20970149253731343
0.21044776119402986
0.20522388059701493
0.2082089552238806
0.20746268656716418
0.20970149253731343
0.21194029850746268
0.20671641791044776
0.2126865671641791
0.21044776119402986
0.21343283582089553
0.22238805970149253
0.2126865671641791
0.2126865671641791
0.21343283582089553
0.21567164179104478
0.2171641791044776
0.21940298507462686
0.22164179104477613
0.22611940298507463
0.22761194029850745
0.2208955223880597
0.22014925373134328
0.21791044776119403
0.22761194029850745
0.2171641791044776
0.22388059701492538
0.22388059701492538
0.22462686567164178
0.22686567164179106
0.2298507462686567
0.22761194029850745
0.23059701492537313
0.2298507462686567
0.22388059701492538
0.23134328358208955
0.22835820895522388
0.2253731343283582
0.22686567164179106
0.23283582089552238
0.23134328358208955
0.24253731343283583
0.2335820895522388
0.23208955223880598
0.23582089552238805
0.23656716417910448
0.24776119402985075
0.24029850746268658
0.24776119402985075
0.2417910447761194
0.25
0.24328358208955222
0.24701492537313433
0.2507462686567164
0.2544776119402985
0.2544776119402985
0.25522388059701495
0.25522388059701495
0.2544776119402985
0.2544776119402985
0.25
0.25223880597014925
0.25298507462686565
0.2537313432835821
0.25671641791044775
0.26940298507462684
0.25970149253731345
0.26044776119402985
0.2582089552238806
0.26343283582089555
0.2656716417910448
0.2619402985074627
0.26791044776119405
0.282089552238806
0.27238805970149255
0.27238805970149255
0.2708955223880597
0.2828358208955224
0.27238805970149255
0.27611940298507465
0.2791044776119403
0.2746268656716418
0.28134328358208954
0.282089552238806
0.28059701492537314
0.28134328358208954
0.282089552238806
0.28582089552238804
0.2865671641791045
0.2947761194029851
0.2880597014925373
0.2865671641791045
0.28955223880597014
0.291044776119403
0.30223880597014924
0.2962686567164179
0.29402985074626864
0.29402985074626864
0.29328358208955224
0.29701492537313434
0.29850746268656714
0.3029850746268657
0.30223880597014924
0.3037313432835821
0.30223880597014924
0.30970149253731344
0.3119402985074627
0.3119402985074627
0.3037313432835821
0.30597014925373134
0.3119402985074627
0.31417910447761194
0.31044776119402984
0.32164179104477614
0.31791044776119404
0.3119402985074627
0.3119402985074627
0.3208955223880597
0.31791044776119404
0.31865671641791044
0.3194029850746269
0.33059701492537313
0.32238805970149254
0.3208955223880597
0.3283582089552239
0.3537313432835821
0.3417910447761194
0.3358208955223881
0.3335820895522388
0.33507462686567163
0.3358208955223881
0.33880597014925373
0.3373134328358209
0.34328358208955223
0.34328358208955223
0.33805970149253733
0.341044776119403
0.34626865671641793
0.3402985074626866
0.3537313432835821
0.34776119402985073
0.3611940298507463
0.35522388059701493
0.35895522388059703
0.3529850746268657
0.3522388059701492
0.3574626865671642
0.36268656716417913
0.36268656716417913
0.3611940298507463
0.35895522388059703
0.3611940298507463
0.3664179104477612
0.3738805970149254
0.37089552238805973
0.36716417910447763
0.3694029850746269
0.3858208955223881
0.3701492537313433
0.3686567164179104
0.3723880597014925
0.3694029850746269
0.3776119402985075
0.3843283582089552
0.3805970149253731
0.382089552238806
0.38656716417910447
0.38283582089552237
0.382089552238806
0.38731343283582087
0.3940298507462687
0.3843283582089552
0.3843283582089552
0.382089552238806
0.4126865671641791
0.3917910447761194
0.39477611940298507
0.3925373134328358
0.3940298507462687
0.4014925373134328
0.4126865671641791
0.3977611940298508
0.39477611940298507
0.4007462686567164
0.4059701492537313
0.4
0.4059701492537313
0.4171641791044776
0.42835820895522386
0.41492537313432837
0.4164179104477612
0.41194029850746267
0.4126865671641791
0.41865671641791047
0.4261194029850746
0.417910447761194
0.41940298507462687
0.4164179104477612
0.4164179104477612
0.42014925373134326
0.41567164179104477
0.42761194029850746
0.4261194029850746
0.42835820895522386
0.4298507462686567
0.4208955223880597
0.43283582089552236
0.43208955223880596
0.4246268656716418
0.4261194029850746
0.4335820895522388
0.4305970149253731
0.4373134328358209
0.43507462686567167
0.44104477611940296
0.4425373134328358
0.4343283582089552
0.43283582089552236
0.43283582089552236
0.4417910447761194
0.4305970149253731
0.4343283582089552
0.43955223880597016
0.4425373134328358
0.458955223880597
0.4335820895522388
0.44029850746268656
0.43955223880597016
0.4417910447761194
0.45298507462686566
0.4417910447761194
0.44776119402985076
0.44925373134328356
0.44328358208955226
0.4462686567164179
0.44850746268656716
0.45298507462686566
0.45223880597014926
0.45149253731343286
0.45149253731343286
0.45671641791044776
0.4544776119402985
0.45223880597014926
0.46417910447761196
0.4597014925373134
0.4582089552238806
0.4582089552238806
0.46567164179104475
0.4619402985074627
0.46044776119402986
0.46044776119402986
0.46417910447761196
0.458955223880597
0.4753731343283582
0.4664179104477612
0.4761194029850746
0.4843283582089552
0.4753731343283582
0.4716417910447761
0.47686567164179106
0.4761194029850746
0.48059701492537316
0.4791044776119403
0.4761194029850746
0.47686567164179106
0.47761194029850745
0.48134328358208955
0.48582089552238805
0.47761194029850745
0.4835820895522388
0.4783582089552239
0.47761194029850745
0.4791044776119403
0.4835820895522388
0.48507462686567165
0.4835820895522388
0.49029850746268655
0.49477611940298505
0.48507462686567165
0.48582089552238805
0.48880597014925375
0.4917910447761194
0.48656716417910445
0.49402985074626865
0.49850746268656715
0.4880597014925373
0.5
0.49850746268656715
0.4992537313432836
0.49701492537313435
0.5007462686567165
0.5007462686567165
0.5097014925373134
0.49776119402985075
0.49776119402985075
0.5067164179104477
0.49776119402985075
0.5044776119402985
0.5022388059701492
0.5082089552238805
0.49850746268656715
0.5014925373134328
0.5044776119402985
0.508955223880597
0.5074626865671642
0.5134328358208955
0.5231343283582089
0.5171641791044777
0.5156716417910447
0.5119402985074627
0.5104477611940299
0.5126865671641792
0.5126865671641792
0.5149253731343284
0.5126865671641792
0.5194029850746269
0.5194029850746269
0.5134328358208955
0.5298507462686567
0.5261194029850746
0.5223880597014925
0.5208955223880597
0.5268656716417911
0.5238805970149254
0.5253731343283582
0.5268656716417911
0.5268656716417911
0.5276119402985074
0.5320895522388059
0.5313432835820896
0.5298507462686567
0.5328358208955224
0.5365671641791044
0.5246268656716417
0.5417910447761194
0.5276119402985074
0.5276119402985074
0.5350746268656716
0.5373134328358209
0.5291044776119403
0.5253731343283582
0.5350746268656716
0.5388059701492537
0.5358208955223881
0.5335820895522388
0.5470149253731343
0.5380597014925373
0.5425373134328358
0.5358208955223881
0.5380597014925373
0.5380597014925373
0.5380597014925373
0.55
0.5358208955223881
0.5485074626865671
0.5462686567164179
0.5470149253731343
0.5477611940298508
0.5477611940298508
0.5470149253731343
0.5462686567164179
0.5544776119402985
0.5492537313432836
0.5604477611940298
0.5470149253731343
0.5432835820895522
0.5507462686567164
0.5432835820895522
0.5507462686567164
0.5529850746268656
0.5507462686567164
0.5537313432835821
0.5485074626865671
0.558955223880597
0.5559701492537313
0.55
0.5544776119402985
0.5477611940298508
0.5537313432835821
0.5529850746268656
0.5582089552238806
0.5514925373134328
0.5537313432835821
0.5626865671641791
0.5567164179104478
0.5559701492537313
0.5567164179104478
0.5582089552238806
0.5634328358208955
0.5582089552238806
0.5671641791044776
0.5694029850746268
0.5694029850746268
0.558955223880597
0.5738805970149253
0.5656716417910448
0.564179104477612
0.564179104477612
0.5783582089552238
0.5664179104477612
0.5649253731343283
0.5746268656716418
0.5716417910447761
0.5686567164179105
0.573134328358209
0.5716417910447761
0.5746268656716418
0.573134328358209
0.573134328358209
0.5694029850746268
0.5798507462686567
0.5753731343283582
0.5708955223880597
0.576865671641791
0.5761194029850746
0.5843283582089552
0.5776119402985075
0.5813432835820895
0.5791044776119403
0.5783582089552238
0.5828358208955224
0.5776119402985075
0.582089552238806
0.5805970149253732
0.5902985074626865
0.5865671641791045
0.5776119402985075
0.582089552238806
0.5873134328358209
0.5798507462686567
0.5828358208955224
0.5835820895522388
0.5880597014925373
0.5880597014925373
0.5805970149253732
0.5850746268656717
0.5873134328358209
0.5895522388059702
0.5880597014925373
0.5940298507462687
0.5850746268656717
0.5955223880597015
0.5902985074626865
0.5970149253731343
0.594776119402985
0.5985074626865672
0.5888059701492537
0.5888059701492537
0.5970149253731343
0.5925373134328358
0.5955223880597015
0.5940298507462687
0.5970149253731343
0.591044776119403
0.5962686567164179
0.6007462686567164
0.5970149253731343
0.6014925373134329
0.5992537313432836
0.5985074626865672
0.6014925373134329
0.6044776119402985
0.6029850746268657
0.608955223880597
0.608955223880597
0.6104477611940299
0.6014925373134329
0.6111940298507462
0.6298507462686567
0.6141791044776119
0.6104477611940299
0.6022388059701492
0.6231343283582089
0.6097014925373134
0.6126865671641791
0.6171641791044776
0.6156716417910447
0.6149253731343284
0.6134328358208955
0.6134328358208955
0.6104477611940299
0.6231343283582089
0.6111940298507462
0.6104477611940299
0.6201492537313433
0.6156716417910447
0.6141791044776119
0.6164179104477612
0.6134328358208955
0.6253731343283582
0.6268656716417911
0.6171641791044776
0.6268656716417911
0.6179104477611941
0.6298507462686567
0.6246268656716418
0.6298507462686567
0.6208955223880597
0.6223880597014926
0.6186567164179104
0.6261194029850746
0.6223880597014926
0.6194029850746269
0.6261194029850746
0.6268656716417911
0.6485074626865671
0.6298507462686567
0.6253731343283582
0.6291044776119403
0.6335820895522388
0.6388059701492538
0.6358208955223881
0.6276119402985074
0.6440298507462686
0.6305970149253731
0.6373134328358209
0.6328358208955224
0.6343283582089553
0.641044776119403
0.6350746268656716
0.6335820895522388
0.6358208955223881
0.6514925373134328
0.641044776119403
0.6485074626865671
0.6380597014925373
0.6544776119402985
0.6417910447761194
0.6395522388059701
0.6365671641791045
0.641044776119403
0.6447761194029851
0.6440298507462686
0.6358208955223881
0.6402985074626866
0.641044776119403
0.6470149253731343
0.6462686567164179
0.6462686567164179
0.6544776119402985
0.655223880597015
0.6477611940298508
0.65
0.6462686567164179
0.6507462686567164
0.6537313432835821
0.6447761194029851
0.6485074626865671
0.658955223880597
0.658955223880597
0.6529850746268657
0.65
0.6507462686567164
0.6574626865671642
0.6611940298507463
0.6537313432835821
0.658955223880597
0.655223880597015
0.6477611940298508
0.6574626865671642
0.6559701492537313
0.6582089552238806
0.667910447761194
0.6537313432835821
0.6626865671641791
0.6559701492537313
0.664179104477612
0.6656716417910448
0.673134328358209
0.667910447761194
0.6694029850746268
0.667910447761194
0.6626865671641791
0.6694029850746268
0.6649253731343283
0.6604477611940298
0.6634328358208955
0.6634328358208955
0.6671641791044776
0.6708955223880597
0.6649253731343283
0.6656716417910448
0.6701492537313433
0.676865671641791
0.6671641791044776
0.6738805970149254
0.6701492537313433
0.6761194029850747
0.6835820895522388
0.682089552238806
0.6843283582089552
0.6753731343283582
0.6753731343283582
0.6753731343283582
0.6835820895522388
0.6783582089552239
0.676865671641791
0.6776119402985075
0.6798507462686567
0.6805970149253732
0.6895522388059702
0.6955223880597015
0.6783582089552239
0.6798507462686567
0.6880597014925374
0.682089552238806
0.6880597014925374
0.6888059701492537
0.6828358208955224
0.6850746268656717
0.6783582089552239
0.6843283582089552
0.6917910447761194
0.6932835820895522
0.6828358208955224
0.6805970149253732
0.685820895522388
0.685820895522388
0.691044776119403
0.6955223880597015
0.6970149253731344
0.7014925373134329
0.6843283582089552
0.6947761194029851
0.6932835820895522
0.6940298507462687
0.6955223880597015
0.6925373134328359
0.691044776119403
0.7052238805970149
0.691044776119403
0.6932835820895522
0.6902985074626866
0.6932835820895522
0.6977611940298507
0.6970149253731344
0.6962686567164179
0.6977611940298507
0.6992537313432836
0.7044776119402985
0.7126865671641791
0.7014925373134329
0.7097014925373134
0.6985074626865672
0.6992537313432836
0.7126865671641791
0.6977611940298507
0.7022388059701492
0.6977611940298507
0.6992537313432836
0.7014925373134329
0.6992537313432836
0.7082089552238806
0.7022388059701492
0.7082089552238806
0.7082089552238806
0.7119402985074627
0.7134328358208956
0.7156716417910448
0.7186567164179104
0.7111940298507463
0.7231343283582089
0.7171641791044776
0.7126865671641791
0.7126865671641791
0.7141791044776119
0.7134328358208956
0.7194029850746269
0.7223880597014926
0.732089552238806
0.7261194029850746
0.7231343283582089
0.7201492537313433
0.7186567164179104
0.7141791044776119
0.7164179104477612
0.7268656716417911
0.7208955223880597
0.7238805970149254
0.7126865671641791
0.7164179104477612
0.7194029850746269
0.7164179104477612
0.7179104477611941
0.7171641791044776
0.7186567164179104
0.7283582089552239
0.7194029850746269
0.7201492537313433
0.7216417910447761
0.7231343283582089
0.7276119402985075
0.7194029850746269
0.7216417910447761
0.7261194029850746
0.735820895522388
0.7335820895522388
0.7253731343283583
0.7298507462686568
0.7335820895522388
0.7328358208955223
0.7298507462686568
0.7313432835820896
0.7253731343283583
0.7223880597014926
0.7253731343283583
0.7268656716417911
0.7335820895522388
0.7261194029850746
0.7350746268656716
0.7343283582089553
0.732089552238806
0.7350746268656716
0.7335820895522388
0.7291044776119403
0.735820895522388
0.7343283582089553
0.7388059701492538
0.7395522388059701
0.732089552238806
0.7350746268656716
0.7335820895522388
0.7402985074626866
0.7335820895522388
0.75
0.7440298507462687
0.7432835820895523
0.7328358208955223
0.741044776119403
0.7455223880597015
0.744776119402985
0.7485074626865672
0.7440298507462687
0.7417910447761195
0.7395522388059701
0.7395522388059701
0.7432835820895523
0.7425373134328358
0.7417910447761195
0.7388059701492538
0.7455223880597015
0.7432835820895523
0.7514925373134328
0.7544776119402985
0.7470149253731343
0.758955223880597
0.7417910447761195
0.7522388059701492
0.7522388059701492
0.7522388059701492
0.741044776119403
0.7395522388059701
0.744776119402985
0.7440298507462687
0.753731343283582
0.75
0.7440298507462687
0.7455223880597015
0.7470149253731343
0.7522388059701492
0.7485074626865672
0.7507462686567165
0.7559701492537313
0.7559701492537313
0.755223880597015
0.7567164179104477
0.7485074626865672
0.7514925373134328
0.7522388059701492
0.7559701492537313
0.753731343283582
0.7544776119402985
0.7492537313432835
0.7574626865671642
0.7597014925373134
0.755223880597015
0.7529850746268657
0.7522388059701492
0.7567164179104477
0.7656716417910447
0.7604477611940299
0.755223880597015
0.7597014925373134
0.7597014925373134
0.7567164179104477
0.7604477611940299
0.767910447761194
0.7634328358208955
0.7634328358208955
0.755223880597015
0.7574626865671642
0.7619402985074627
0.7723880597014925
0.758955223880597
0.7582089552238805
0.7604477611940299
0.7626865671641792
0.758955223880597
0.7611940298507462
0.7611940298507462
0.7611940298507462
0.7634328358208955
0.7626865671641792
0.7626865671641792
0.7626865671641792
0.7686567164179104
0.7626865671641792
0.7604477611940299
0.7597014925373134
0.767910447761194
0.7634328358208955
0.7731343283582089
0.7619402985074627
0.764179104477612
0.7716417910447761
0.7626865671641792
0.7626865671641792
0.7664179104477612
0.767910447761194
0.7671641791044777
0.7723880597014925
0.767910447761194
0.7664179104477612
0.767910447761194
0.7656716417910447
0.7664179104477612
0.7686567164179104
0.767910447761194
0.7686567164179104
0.7686567164179104
0.7731343283582089
0.7708955223880597
0.7686567164179104
0.7694029850746269
0.7708955223880597
0.7761194029850746
0.7746268656716417
0.7671641791044777
0.7716417910447761
0.7798507462686567
0.7716417910447761
0.7753731343283582
0.7761194029850746
0.7694029850746269
0.7694029850746269
0.7805970149253731
0.7805970149253731
0.7708955223880597
0.7723880597014925
0.7738805970149254
0.7768656716417911
0.7731343283582089
0.7791044776119403
0.7776119402985074
0.7723880597014925
0.7746268656716417
0.7761194029850746
0.7768656716417911
0.7791044776119403
0.7768656716417911
0.7753731343283582
0.7783582089552239
0.7768656716417911
0.7798507462686567
0.7798507462686567
0.7805970149253731
0.7753731343283582
0.7850746268656716
0.7850746268656716
0.7798507462686567
0.7835820895522388
0.7865671641791044
0.7820895522388059
0.7858208955223881
0.7820895522388059
0.7776119402985074
0.7813432835820896
0.7783582089552239
0.7850746268656716
0.7813432835820896
0.7776119402985074
0.7805970149253731
0.7805970149253731
0.7880597014925373
0.7805970149253731
0.7820895522388059
0.7820895522388059
0.7910447761194029
0.7910447761194029
0.7850746268656716
0.7835820895522388
0.7820895522388059
0.7798507462686567
0.7805970149253731
0.7828358208955224
0.7895522388059701
0.7850746268656716
0.7880597014925373
0.7805970149253731
0.7850746268656716
0.7888059701492537
0.7858208955223881
0.7865671641791044
0.7813432835820896
0.7835820895522388
0.7850746268656716
0.7843283582089552
0.7850746268656716
0.7910447761194029
0.7888059701492537
0.7865671641791044
0.7850746268656716
0.7858208955223881
0.7858208955223881
0.7850746268656716
0.7932835820895522
0.7940298507462686
0.7865671641791044
0.7858208955223881
0.7985074626865671
0.7888059701492537
0.7828358208955224
0.7925373134328358
0.7932835820895522
0.7880597014925373
0.7865671641791044
0.7865671641791044
0.7858208955223881
0.7910447761194029
0.7947761194029851
0.7925373134328358
0.7895522388059701
0.7895522388059701
0.7970149253731343
0.7947761194029851
0.7917910447761194
0.7962686567164179
0.7888059701492537
0.7947761194029851
0.7947761194029851
0.7910447761194029
0.7902985074626866
0.7910447761194029
0.7902985074626866
0.7895522388059701
0.7925373134328358
0.7962686567164179
0.7932835820895522
0.7932835820895522
0.7902985074626866
0.7970149253731343
0.7902985074626866
0.7910447761194029
0.7925373134328358
0.7932835820895522
0.7962686567164179
0.7895522388059701
0.7932835820895522
0.7940298507462686
0.7985074626865671
0.7940298507462686
0.7955223880597015
0.7962686567164179
0.7917910447761194
0.7962686567164179
0.7977611940298508
0.7962686567164179
0.7940298507462686
0.7962686567164179
0.7992537313432836
0.7962686567164179
0.7947761194029851
0.8029850746268656
0.7925373134328358
0.7955223880597015
0.7955223880597015
0.7977611940298508
0.8014925373134328
0.8022388059701493
0.7992537313432836
0.8014925373134328
0.8
0.8007462686567164
0.7970149253731343
0.8007462686567164
0.8044776119402985
0.8014925373134328
0.8007462686567164
0.8
0.7970149253731343
0.8029850746268656
0.8
0.7992537313432836
0.8067164179104478
0.8
0.7985074626865671
0.8037313432835821
0.8104477611940298
0.8037313432835821
0.8007462686567164
0.8007462686567164
0.7985074626865671
0.7977611940298508
0.8022388059701493
0.8029850746268656
0.8
0.8007462686567164
0.8007462686567164
0.8
0.8007462686567164
0.8014925373134328
0.7992537313432836
0.8007462686567164
0.8029850746268656
0.8014925373134328
0.8007462686567164
0.8067164179104478
0.8037313432835821
0.8007462686567164
0.8037313432835821
0.8037313432835821
0.8044776119402985
0.8052238805970149
0.8007462686567164
0.8022388059701493
0.8014925373134328
0.8044776119402985
0.8052238805970149
0.8059701492537313
0.8059701492537313
0.8029850746268656
0.8044776119402985
0.8044776119402985
0.8037313432835821
0.8059701492537313
0.808955223880597
0.8022388059701493
0.8059701492537313
0.8059701492537313
0.8059701492537313
0.8074626865671641
0.8067164179104478
0.8052238805970149
0.8059701492537313
0.8037313432835821
0.8052238805970149
0.8014925373134328
0.8059701492537313
0.8119402985074626
0.8119402985074626
0.8119402985074626
0.8044776119402985
0.8052238805970149
0.8052238805970149
0.808955223880597
0.8059701492537313
0.8059701492537313
0.8059701492537313
0.8067164179104478
0.8104477611940298
0.8104477611940298
0.8074626865671641
0.8059701492537313
0.8044776119402985
0.8052238805970149
0.8052238805970149
0.8059701492537313
0.808955223880597
0.8097014925373134
0.8059701492537313
0.8059701492537313
0.8067164179104478
0.808955223880597
0.8082089552238806
0.8082089552238806
0.8074626865671641
0.8059701492537313
0.8059701492537313
0.8097014925373134
0.8097014925373134
0.8082089552238806
0.8082089552238806
0.8119402985074626
0.808955223880597
0.8059701492537313
0.8082089552238806
0.8097014925373134
0.8097014925373134
0.8119402985074626
0.808955223880597
0.8074626865671641
0.8082089552238806
0.808955223880597
0.8082089552238806
0.8104477611940298
0.8119402985074626
0.8111940298507463
0.8111940298507463
0.808955223880597
0.8067164179104478
0.808955223880597
0.8097014925373134
0.8119402985074626
0.8104477611940298
0.8149253731343283
0.8119402985074626
0.8104477611940298
0.8082089552238806
0.8149253731343283
0.8119402985074626
0.8126865671641791
0.8104477611940298
0.808955223880597
0.8126865671641791
0.8119402985074626
0.8126865671641791
0.8126865671641791
0.8126865671641791
0.8097014925373134
0.8111940298507463
0.817910447761194
0.8134328358208955
0.8097014925373134
0.8097014925373134
0.8104477611940298
0.8171641791044776
0.8097014925373134
0.8097014925373134
0.8097014925373134
0.808955223880597
0.8126865671641791
0.8186567164179105
0.8171641791044776
0.8126865671641791
0.8149253731343283
0.8149253731343283
0.8134328358208955
0.8134328358208955
0.8156716417910448
0.8111940298507463
0.8119402985074626
0.8126865671641791
0.8111940298507463
0.8186567164179105
0.8156716417910448
0.8111940298507463
0.8126865671641791
0.8111940298507463
0.8111940298507463
0.8134328358208955
0.8119402985074626
0.8134328358208955
0.8164179104477612
0.8134328358208955
0.8126865671641791
0.8171641791044776
0.817910447761194
0.8186567164179105
0.8156716417910448
0.8134328358208955
0.8134328358208955
0.8126865671641791
0.8126865671641791
0.814179104477612
0.8134328358208955
0.8134328358208955
0.814179104477612
0.8186567164179105
0.8149253731343283
0.8156716417910448
0.8164179104477612
0.8164179104477612
0.8164179104477612
0.817910447761194
0.8134328358208955
0.8126865671641791
0.8149253731343283
0.817910447761194
0.8171641791044776
0.8156716417910448
0.8171641791044776
0.817910447761194
0.8171641791044776
0.8164179104477612
0.8194029850746268
0.8164179104477612
0.8186567164179105
0.8171641791044776
0.8171641791044776
0.817910447761194
0.8194029850746268
0.8186567164179105
0.8164179104477612
0.8194029850746268
0.8164179104477612
0.8194029850746268
0.8208955223880597
0.8171641791044776
0.8164179104477612
0.8164179104477612
0.823134328358209
0.817910447761194
0.8194029850746268
0.8171641791044776
0.8186567164179105
0.817910447761194
0.817910447761194
0.8216417910447761
0.8186567164179105
0.8164179104477612
0.8216417910447761
0.8194029850746268
0.817910447761194
0.8194029850746268
0.817910447761194
0.8201492537313433
0.817910447761194
0.8164179104477612
0.8164179104477612
0.8171641791044776
0.8201492537313433
0.8194029850746268
0.8194029850746268
0.817910447761194
0.817910447761194
0.8194029850746268
0.8238805970149253
0.8156716417910448
0.823134328358209
0.823134328358209
0.8223880597014925
0.8194029850746268
0.8216417910447761
0.8216417910447761
0.8201492537313433
0.8186567164179105
0.8223880597014925
0.8194029850746268
0.8171641791044776
0.8194029850746268
0.8194029850746268
0.8223880597014925
0.8223880597014925
0.8216417910447761
0.8201492537313433
0.8186567164179105
0.8238805970149253
0.8208955223880597
0.8216417910447761
0.8201492537313433
0.8201492537313433
0.8216417910447761
0.8223880597014925
0.8194029850746268
0.8208955223880597
0.8194029850746268
0.8216417910447761
0.8223880597014925
0.8201492537313433
0.8194029850746268
0.8223880597014925
0.8223880597014925
0.8216417910447761
0.8223880597014925
0.8261194029850746
0.826865671641791
0.826865671641791
0.8253731343283582
0.8201492537313433
0.8246268656716418
0.8246268656716418
0.8276119402985075
