0.1411764705882353
0.14215686274509803
0.14215686274509803
0.14215686274509803
0.1450980392156863
0.14313725490196078
0.14411764705882352
0.14411764705882352
0.14411764705882352
0.14411764705882352
0.14607843137254903
0.14607843137254903
0.14411764705882352
0.1480392156862745
0.14705882352941177
0.1480392156862745
0.14705882352941177
0.15
0.1480392156862745
0.14901960784313725
0.14705882352941177
0.1450980392156863
0.1480392156862745
0.14705882352941177
0.14901960784313725
0.14705882352941177
0.1450980392156863
0.1480392156862745
0.1480392156862745
0.15
0.1480392156862745
0.15
0.14705882352941177
0.1480392156862745
0.14901960784313725
0.15196078431372548
0.14901960784313725
0.15
0.15098039215686274
0.14705882352941177
0.15196078431372548
0.15
0.14901960784313725
0.14901960784313725
0.15
0.15196078431372548
0.15196078431372548
0.15098039215686274
0.15196078431372548
0.15098039215686274
0.15196078431372548
0.14901960784313725
0.15294117647058825
0.15196078431372548
0.15490196078431373
0.1568627450980392
0.15294117647058825
0.15588235294117647
0.153921568627451
0.153921568627451
0.15784313725490196
0.15588235294117647
0.153921568627451
0.15588235294117647
0.1588235294117647
0.153921568627451
0.15196078431372548
0.153921568627451
0.153921568627451
0.15588235294117647
0.15784313725490196
0.15588235294117647
0.1568627450980392
0.1607843137254902
0.15588235294117647
0.1568627450980392
0.15980392156862744
0.1568627450980392
0.15784313725490196
0.1607843137254902
0.15784313725490196
0.1588235294117647
0.1588235294117647
0.15980392156862744
0.1568627450980392
0.1588235294117647
0.16470588235294117
0.15980392156862744
0.16372549019607843
0.16666666666666666
0.16176470588235295
0.1588235294117647
0.16176470588235295
0.1607843137254902
0.16176470588235295
0.1607843137254902
0.16372549019607843
0.15980392156862744
0.1627450980392157
0.16862745098039217
0.1676470588235294
0.16372549019607843
0.16666666666666666
0.16568627450980392
0.16568627450980392
0.16666666666666666
0.16470588235294117
0.16568627450980392
0.16470588235294117
0.16470588235294117
0.16862745098039217
0.16568627450980392
0.1696078431372549
0.16666666666666666
0.16568627450980392
0.1676470588235294
0.16862745098039217
0.1676470588235294
0.16862745098039217
0.1696078431372549
0.16568627450980392
0.1696078431372549
0.17450980392156862
0.1696078431372549
0.16862745098039217
0.17254901960784313
0.16862745098039217
0.17647058823529413
0.17058823529411765
0.17352941176470588
0.17058823529411765
0.17647058823529413
0.17450980392156862
0.17450980392156862
0.17254901960784313
0.17254901960784313
0.17549019607843136
0.17254901960784313
0.17549019607843136
0.17745098039215687
0.17549019607843136
0.17549019607843136
0.17549019607843136
0.17450980392156862
0.17745098039215687
0.17941176470588235
0.17549019607843136
0.17745098039215687
0.1803921568627451
0.17941176470588235
0.17745098039215687
0.18235294117647058
0.18235294117647058
0.18235294117647058
0.18137254901960784
0.18137254901960784
0.1803921568627451
0.17941176470588235
0.18333333333333332
0.1843137254901961
0.18333333333333332
0.1843137254901961
0.1843137254901961
0.18529411764705883
0.1843137254901961
0.18235294117647058
0.18725490196078431
0.18725490196078431
0.18725490196078431
0.18823529411764706
0.18823529411764706
0.18725490196078431
0.19117647058823528
0.18627450980392157
0.19019607843137254
0.19019607843137254
0.19411764705882353
0.19215686274509805
0.19607843137254902
0.19215686274509805
0.1931372549019608
0.19607843137254902
0.1931372549019608
0.1980392156862745
0.19411764705882353
0.19607843137254902
0.1931372549019608
0.1980392156862745
0.19411764705882353
0.1980392156862745
0.19607843137254902
0.19509803921568628
0.19705882352941176
0.2
0.20098039215686275
0.2019607843137255
0.20294117647058824
0.20490196078431372
0.2068627450980392
0.20490196078431372
0.2019607843137255
0.21176470588235294
0.2019607843137255
0.2107843137254902
0.2068627450980392
0.2019607843137255
0.20490196078431372
0.20490196078431372
0.20392156862745098
0.2088235294117647
0.20490196078431372
0.2068627450980392
0.20980392156862746
0.2068627450980392
0.20980392156862746
0.20784313725490197
0.20784313725490197
0.21274509803921568
0.20784313725490197
0.20980392156862746
0.20980392156862746
0.2107843137254902
0.21568627450980393
0.21568627450980393
0.21470588235294116
0.21470588235294116
0.2196078431372549
0.21666666666666667
0.21568627450980393
0.21274509803921568
0.21568627450980393
0.21470588235294116
0.21666666666666667
0.21862745098039216
0.22450980392156863
0.2196078431372549
0.21862745098039216
0.2196078431372549
0.21764705882352942
0.21862745098039216
0.22745098039215686
0.22254901960784312
0.22156862745098038
0.22254901960784312
0.22549019607843138
0.22058823529411764
0.2196078431372549
0.22450980392156863
0.22450980392156863
0.22450980392156863
0.22254901960784312
0.22647058823529412
0.22549019607843138
0.22549019607843138
0.22941176470588234
0.2284313725490196
0.2323529411764706
0.22647058823529412
0.22647058823529412
0.2323529411764706
0.23137254901960785
0.22745098039215686
0.23137254901960785
0.23137254901960785
0.22941176470588234
0.23137254901960785
0.23333333333333334
0.2323529411764706
0.2372549019607843
0.23529411764705882
0.23137254901960785
0.23431372549019608
0.23431372549019608
0.23529411764705882
0.23823529411764705
0.23431372549019608
0.23431372549019608
0.23627450980392156
0.23823529411764705
0.23823529411764705
0.24313725490196078
0.24509803921568626
0.23921568627450981
0.23921568627450981
0.24705882352941178
0.24509803921568626
0.24411764705882352
0.2411764705882353
0.24313725490196078
0.2411764705882353
0.24509803921568626
0.24411764705882352
0.24411764705882352
0.24313725490196078
0.24411764705882352
0.24411764705882352
0.246078431372549
0.24313725490196078
0.246078431372549
0.24803921568627452
0.2529411764705882
0.24901960784313726
0.25588235294117645
0.2529411764705882
0.25
0.24803921568627452
0.25392156862745097
0.25
0.2529411764705882
0.25588235294117645
0.2568627450980392
0.2519607843137255
0.2549019607843137
0.2519607843137255
0.2607843137254902
0.25980392156862747
0.25392156862745097
0.25392156862745097
0.25392156862745097
0.25392156862745097
0.2529411764705882
0.25588235294117645
0.2568627450980392
0.2647058823529412
0.2568627450980392
0.2607843137254902
0.2549019607843137
0.2607843137254902
0.25980392156862747
0.25980392156862747
0.25980392156862747
