0.5877192982456141
0.5899122807017544
0.6206140350877193
0.5964912280701754
0.6030701754385965
0.5767543859649122
0.6030701754385965
0.6030701754385965
0.6030701754385965
0.6140350877192983
0.5964912280701754
0.6206140350877193
0.631578947368421
0.631578947368421
0.5964912280701754
0.6776315789473685
0.6776315789473685
0.6469298245614035
0.6600877192982456
0.6030701754385965
0.6578947368421053
0.6140350877192983
0.6052631578947368
0.6118421052631579
0.6052631578947368
0.6162280701754386
0.5877192982456141
0.6271929824561403
0.6228070175438597
0.6008771929824561
0.5986842105263158
0.6337719298245614
0.6162280701754386
0.6557017543859649
0.6074561403508771
0.6513157894736842
0.6271929824561403
0.6271929824561403
0.6228070175438597
0.6425438596491229
0.6228070175438597
0.618421052631579
0.6885964912280702
0.6337719298245614
0.6557017543859649
0.6513157894736842
0.6557017543859649
0.6491228070175439
0.6995614035087719
0.6381578947368421
0.6798245614035088
0.6842105263157895
0.6820175438596491
0.6710526315789473
0.6973684210526315
0.75
0.6864035087719298
0.6864035087719298
0.7368421052631579
0.6885964912280702
0.7017543859649122
0.668859649122807
0.6995614035087719
0.7280701754385965
0.7258771929824561
0.7412280701754386
0.7346491228070176
0.6929824561403509
0.6973684210526315
0.7368421052631579
0.7653508771929824
0.7236842105263158
0.7368421052631579
0.7719298245614035
0.7719298245614035
0.7719298245614035
0.7609649122807017
0.7236842105263158
0.756578947368421
0.7719298245614035
0.7894736842105263
0.7390350877192983
0.7412280701754386
0.7719298245614035
0.8026315789473685
0.8026315789473685
0.7675438596491229
0.7960526315789473
0.8377192982456141
0.7763157894736842
0.7719298245614035
0.8289473684210527
0.8026315789473685
0.7982456140350878
0.8333333333333334
0.8574561403508771
0.8728070175438597
0.8662280701754386
0.8662280701754386
0.8464912280701754
0.8464912280701754
0.8728070175438597
0.8640350877192983
0.8574561403508771
0.8574561403508771
0.8728070175438597
0.8662280701754386
0.8728070175438597
0.8728070175438597
0.9692982456140351
0.9692982456140351
0.8771929824561403
0.9692982456140351
0.8728070175438597
0.9692982456140351
0.9692982456140351
0.8728070175438597
0.8771929824561403
0.9692982456140351
0.8771929824561403
0.9692982456140351
0.9692982456140351
0.9692982456140351
0.9692982456140351
0.9692982456140351
0.9692982456140351
0.9692982456140351
0.9692982456140351
0.9692982456140351
0.9692982456140351
0.9692982456140351
0.9692982456140351
0.9692982456140351
0.9692982456140351
0.9692982456140351
0.9692982456140351
0.9692982456140351
0.9692982456140351
0.9692982456140351
0.9692982456140351
0.9692982456140351
0.9692982456140351
0.9692982456140351
0.9692982456140351
0.9692982456140351
0.9692982456140351
0.9692982456140351
0.9692982456140351
0.9692982456140351
0.9692982456140351
0.9692982456140351
0.9692982456140351
0.9692982456140351
0.9692982456140351
0.9692982456140351
0.9692982456140351
0.9692982456140351
0.9692982456140351
0.9692982456140351
0.9692982456140351
0.9692982456140351
0.9692982456140351
0.9692982456140351
0.9692982456140351
0.9692982456140351
0.9692982456140351
0.9692982456140351
0.9692982456140351
0.9692982456140351
0.9692982456140351
0.9692982456140351
0.9692982456140351
0.9692982456140351
0.9692982456140351
0.9692982456140351
0.9692982456140351
0.9692982456140351
0.9692982456140351
0.9692982456140351
0.9692982456140351
0.9692982456140351
0.9692982456140351
0.9692982456140351
0.9692982456140351
0.9692982456140351
0.9692982456140351
0.9692982456140351
0.9692982456140351
0.9692982456140351
0.9692982456140351
0.9692982456140351
0.9692982456140351
0.9692982456140351
0.9692982456140351
0.9692982456140351
0.9692982456140351
0.9692982456140351
0.9692982456140351
0.9692982456140351
0.9692982456140351
0.9692982456140351
0.9692982456140351
0.9692982456140351
0.9692982456140351
0.9692982456140351
0.9692982456140351
0.9692982456140351
0.9692982456140351
0.9692982456140351
0.9692982456140351
0.9692982456140351
0.9692982456140351
0.9692982456140351
0.9692982456140351
0.9692982456140351
0.9692982456140351
0.9692982456140351
0.9692982456140351
0.9692982456140351
0.9692982456140351
0.9692982456140351
0.9692982456140351
0.9692982456140351
0.9692982456140351
0.9692982456140351
0.9692982456140351
0.9692982456140351
0.9692982456140351
0.9692982456140351
0.9692982456140351
0.9692982456140351
0.9692982456140351
0.9692982456140351
0.9692982456140351
0.9692982456140351
0.9692982456140351
0.9692982456140351
0.9692982456140351
0.9692982456140351
0.9692982456140351
0.9692982456140351
0.9692982456140351
0.9692982456140351
0.9692982456140351
0.9692982456140351
0.9692982456140351
0.9692982456140351
0.9692982456140351
0.9692982456140351
0.9692982456140351
0.9692982456140351
0.9692982456140351
0.9692982456140351
0.9692982456140351
0.9692982456140351
0.9692982456140351
0.9692982456140351
0.9692982456140351
0.9692982456140351
0.9692982456140351
0.9692982456140351
0.9692982456140351
0.9692982456140351
0.9692982456140351
0.9692982456140351
0.9692982456140351
0.9692982456140351
0.9692982456140351
0.9692982456140351
0.9692982456140351
0.9692982456140351
0.9692982456140351
0.9692982456140351
0.9692982456140351
0.9692982456140351
0.9692982456140351
0.9692982456140351
0.9692982456140351
0.9692982456140351
0.9692982456140351
0.9692982456140351
0.9692982456140351
0.9692982456140351
0.9692982456140351
0.9692982456140351
0.9692982456140351
0.9692982456140351
0.9692982456140351
0.9692982456140351
0.9692982456140351
0.9692982456140351
0.9692982456140351
0.9692982456140351
0.9692982456140351
0.9692982456140351
0.9692982456140351
0.9692982456140351
0.9692982456140351
0.9692982456140351
0.9692982456140351
0.9692982456140351
0.9692982456140351
0.9692982456140351
0.9692982456140351
0.9692982456140351
0.9692982456140351
0.9692982456140351
0.9692982456140351
0.9692982456140351
0.9692982456140351
0.9692982456140351
0.9692982456140351
0.9692982456140351
0.9692982456140351
0.9692982456140351
0.9692982456140351
0.9692982456140351
0.9692982456140351
0.9692982456140351
0.9692982456140351
0.9692982456140351
0.9692982456140351
0.9692982456140351
0.9692982456140351
0.9692982456140351
0.9692982456140351
0.9692982456140351
0.9692982456140351
0.9692982456140351
0.9692982456140351
0.9692982456140351
0.9692982456140351
0.9692982456140351
0.9692982456140351
0.9692982456140351
0.9692982456140351
0.9692982456140351
0.9692982456140351
0.9692982456140351
0.9692982456140351
0.9692982456140351
0.9692982456140351
0.9692982456140351
0.9692982456140351
0.9692982456140351
0.9692982456140351
0.9692982456140351
0.9692982456140351
0.9692982456140351
0.9692982456140351
0.9692982456140351
0.9692982456140351
0.9692982456140351
0.9692982456140351
0.9692982456140351
0.9692982456140351
0.9692982456140351
0.9692982456140351
0.9692982456140351
0.9692982456140351
0.9692982456140351
0.9692982456140351
0.9692982456140351
0.9692982456140351
0.9692982456140351
0.9692982456140351
0.9692982456140351
0.9692982456140351
0.9692982456140351
0.9692982456140351
0.9692982456140351
0.9692982456140351
0.9692982456140351
0.9692982456140351
0.9692982456140351
0.9692982456140351
0.9692982456140351
0.9692982456140351
0.9692982456140351
0.9692982456140351
0.9692982456140351
0.9692982456140351
0.9692982456140351
0.9692982456140351
0.9692982456140351
0.9692982456140351
0.9692982456140351
0.9692982456140351
0.9692982456140351
0.9692982456140351
0.9692982456140351
0.9692982456140351
0.9692982456140351
0.9692982456140351
0.9692982456140351
0.9692982456140351
0.9692982456140351
0.9692982456140351
0.9692982456140351
0.9692982456140351
0.9692982456140351
0.9692982456140351
0.9692982456140351
0.9692982456140351
0.9692982456140351
0.9692982456140351
0.9692982456140351
0.9692982456140351
0.9692982456140351
0.9692982456140351
0.9692982456140351
0.9692982456140351
0.9692982456140351
0.9692982456140351
0.9692982456140351
0.9692982456140351
0.9692982456140351
0.9692982456140351
0.9692982456140351
0.9692982456140351
0.9692982456140351
0.9692982456140351
0.9692982456140351
0.9692982456140351
0.9692982456140351
0.9692982456140351
0.9692982456140351
0.9692982456140351
0.9692982456140351
0.9692982456140351
0.9692982456140351
0.9692982456140351
0.9692982456140351
0.9692982456140351
0.9692982456140351
0.9692982456140351
0.9692982456140351
0.9692982456140351
0.9692982456140351
0.9692982456140351
0.9692982456140351
0.9692982456140351
0.9692982456140351
0.9692982456140351
0.9692982456140351
0.9692982456140351
0.9692982456140351
0.9692982456140351
0.9692982456140351
0.9692982456140351
0.9692982456140351
0.9692982456140351
0.9692982456140351
0.9692982456140351
0.9692982456140351
0.9692982456140351
0.9692982456140351
0.9692982456140351
0.9692982456140351
0.9692982456140351
0.9692982456140351
0.9692982456140351
0.9692982456140351
0.9692982456140351
0.9692982456140351
0.9692982456140351
0.9692982456140351
0.9692982456140351
0.9692982456140351
0.9692982456140351
0.9692982456140351
0.9692982456140351
0.9692982456140351
0.9692982456140351
0.9692982456140351
0.9692982456140351
0.9692982456140351
0.9692982456140351
0.9692982456140351
0.9692982456140351
0.9692982456140351
0.9692982456140351
0.9692982456140351
0.9692982456140351
0.9692982456140351
0.9692982456140351
0.9692982456140351
0.9692982456140351
0.9692982456140351
0.9692982456140351
0.9692982456140351
0.9692982456140351
0.9692982456140351
0.9692982456140351
0.9692982456140351
0.9692982456140351
0.9692982456140351
0.9692982456140351
0.9692982456140351
0.9692982456140351
0.9692982456140351
0.9692982456140351
0.9692982456140351
0.9692982456140351
0.9692982456140351
0.9692982456140351
0.9692982456140351
0.9692982456140351
0.9692982456140351
0.9692982456140351
0.9692982456140351
0.9692982456140351
0.9692982456140351
0.9692982456140351
0.9692982456140351
0.9692982456140351
0.9692982456140351
0.9692982456140351
0.9692982456140351
0.9692982456140351
0.9692982456140351
0.9692982456140351
0.9692982456140351
0.9692982456140351
0.9692982456140351
0.9692982456140351
