0.6911764705882353
0.6727941176470589
0.6838235294117647
0.7022058823529411
0.7022058823529411
0.6838235294117647
0.6911764705882353
0.7058823529411765
0.6838235294117647
0.6691176470588235
0.7169117647058824
0.7352941176470589
0.6948529411764706
0.6911764705882353
0.6727941176470589
0.7426470588235294
0.6911764705882353
0.7279411764705882
0.7169117647058824
0.7132352941176471
0.6948529411764706
0.7463235294117647
0.6948529411764706
0.7205882352941176
0.7830882352941176
0.7389705882352942
0.6948529411764706
0.7830882352941176
0.7022058823529411
0.6948529411764706
0.7536764705882353
0.7316176470588235
0.7316176470588235
0.7022058823529411
0.7463235294117647
0.7867647058823529
0.7904411764705882
0.7536764705882353
0.7316176470588235
0.7022058823529411
0.7647058823529411
0.7977941176470589
0.8455882352941176
0.7426470588235294
0.7683823529411765
0.8235294117647058
0.7610294117647058
0.8014705882352942
0.7904411764705882
0.75
0.7610294117647058
0.7904411764705882
0.8235294117647058
0.75
0.8088235294117647
0.8308823529411765
0.8308823529411765
0.7904411764705882
0.7977941176470589
0.7977941176470589
0.8382352941176471
0.8014705882352942
0.8014705882352942
0.8345588235294118
0.8345588235294118
0.8382352941176471
0.8382352941176471
0.8382352941176471
0.8308823529411765
0.8455882352941176
0.8382352941176471
0.8345588235294118
0.8308823529411765
0.8786764705882353
0.8713235294117647
0.8713235294117647
0.8419117647058824
0.8566176470588235
0.8786764705882353
0.875
0.8786764705882353
0.8823529411764706
0.8786764705882353
0.8897058823529411
0.8897058823529411
0.9080882352941176
0.9080882352941176
0.8713235294117647
0.8823529411764706
0.8786764705882353
0.9191176470588235
0.9117647058823529
0.9154411764705882
0.9080882352941176
0.9117647058823529
0.9080882352941176
0.9154411764705882
0.9117647058823529
0.9191176470588235
0.9264705882352942
0.9264705882352942
0.9632352941176471
0.9191176470588235
0.9632352941176471
0.9632352941176471
0.9632352941176471
0.9632352941176471
0.9264705882352942
0.9264705882352942
0.9632352941176471
0.9632352941176471
0.9632352941176471
0.9632352941176471
0.9632352941176471
0.9632352941176471
0.9632352941176471
0.9632352941176471
0.9632352941176471
1.0
0.9632352941176471
0.9632352941176471
0.9632352941176471
