0.6240786240786241
0.6633906633906634
0.6117936117936118
0.6265356265356266
0.6117936117936118
0.6388206388206388
0.6339066339066339
0.6265356265356266
0.6314496314496314
0.7297297297297297
0.7297297297297297
0.6216216216216216
0.6363636363636364
0.6117936117936118
0.6216216216216216
0.6240786240786241
0.6240786240786241
0.6117936117936118
0.6781326781326781
0.6240786240786241
0.6142506142506142
0.7051597051597052
0.6461916461916462
0.6265356265356266
0.6363636363636364
0.6339066339066339
0.6707616707616708
0.6658476658476659
0.6339066339066339
0.6388206388206388
0.6314496314496314
0.6363636363636364
0.6707616707616708
0.6977886977886978
0.628992628992629
0.6584766584766585
0.6511056511056511
0.6437346437346437
0.683046683046683
0.6732186732186732
0.6707616707616708
0.6953316953316954
0.6560196560196561
0.7125307125307125
0.687960687960688
0.6756756756756757
0.6437346437346437
0.7395577395577395
0.6805896805896806
0.7125307125307125
0.7125307125307125
0.6855036855036855
0.7076167076167076
0.7076167076167076
0.7641277641277642
0.7199017199017199
0.7321867321867321
0.7493857493857494
0.7886977886977887
0.7886977886977887
0.7886977886977887
0.714987714987715
0.6977886977886978
0.7248157248157249
0.7542997542997543
0.7592137592137592
0.7223587223587223
0.7542997542997543
0.7542997542997543
0.7542997542997543
0.7567567567567568
0.7567567567567568
0.7542997542997543
0.8304668304668305
0.7616707616707616
0.8304668304668305
0.800982800982801
0.7616707616707616
0.7641277641277642
0.7862407862407862
0.8230958230958231
0.7936117936117936
0.7936117936117936
0.8230958230958231
0.8501228501228502
0.8230958230958231
0.8329238329238329
0.8329238329238329
0.8329238329238329
0.8402948402948403
0.8648648648648649
0.8648648648648649
0.8869778869778869
0.8304668304668305
0.8992628992628993
0.8869778869778869
0.8574938574938575
0.8943488943488943
0.8869778869778869
0.9041769041769042
0.8869778869778869
0.8918918918918919
0.8918918918918919
0.8992628992628993
0.8992628992628993
0.8869778869778869
0.9680589680589681
0.8943488943488943
0.9680589680589681
0.9680589680589681
0.8992628992628993
0.8992628992628993
0.9041769041769042
0.9680589680589681
0.9680589680589681
0.9680589680589681
0.9680589680589681
0.9680589680589681
0.9680589680589681
0.9680589680589681
0.9680589680589681
0.9680589680589681
0.9680589680589681
0.9680589680589681
0.9680589680589681
0.9680589680589681
0.9680589680589681
0.9680589680589681
0.9680589680589681
0.9680589680589681
0.9680589680589681
0.9680589680589681
0.9680589680589681
0.9680589680589681
0.9680589680589681
0.9680589680589681
0.9680589680589681
0.9680589680589681
0.9680589680589681
0.9680589680589681
0.9680589680589681
0.9680589680589681
0.9680589680589681
0.9680589680589681
0.9680589680589681
0.9680589680589681
0.9680589680589681
0.9680589680589681
0.9680589680589681
0.9680589680589681
0.9680589680589681
0.9680589680589681
0.9680589680589681
0.9680589680589681
0.9680589680589681
0.9680589680589681
0.9680589680589681
0.9680589680589681
0.9680589680589681
0.9680589680589681
0.9680589680589681
0.9680589680589681
0.9680589680589681
0.9680589680589681
0.9680589680589681
0.9680589680589681
0.9680589680589681
0.9680589680589681
0.9680589680589681
0.9680589680589681
0.9680589680589681
0.9680589680589681
0.9680589680589681
0.9680589680589681
0.9680589680589681
0.9680589680589681
0.9680589680589681
0.9680589680589681
0.9680589680589681
0.9680589680589681
0.9680589680589681
0.9680589680589681
0.9680589680589681
0.9680589680589681
0.9680589680589681
0.9680589680589681
0.9680589680589681
0.9680589680589681
0.9680589680589681
0.9680589680589681
0.9680589680589681
0.9680589680589681
0.9680589680589681
0.9680589680589681
0.9680589680589681
0.9680589680589681
0.9680589680589681
0.9680589680589681
0.9680589680589681
0.9680589680589681
0.9680589680589681
0.9680589680589681
0.9680589680589681
0.9680589680589681
0.9680589680589681
0.9680589680589681
0.9680589680589681
0.9680589680589681
0.9680589680589681
0.9680589680589681
0.9680589680589681
0.9680589680589681
0.9680589680589681
0.9680589680589681
0.9680589680589681
0.9680589680589681
0.9680589680589681
0.9680589680589681
0.9680589680589681
0.9680589680589681
0.9680589680589681
0.9680589680589681
0.9680589680589681
0.9680589680589681
0.9680589680589681
0.9680589680589681
0.9680589680589681
0.9680589680589681
0.9680589680589681
0.9680589680589681
0.9680589680589681
0.9680589680589681
0.9680589680589681
0.9680589680589681
0.9680589680589681
0.9680589680589681
0.9680589680589681
0.9680589680589681
0.9680589680589681
0.9680589680589681
0.9680589680589681
0.9680589680589681
0.9680589680589681
0.9680589680589681
0.9680589680589681
0.9680589680589681
0.9680589680589681
0.9680589680589681
0.9680589680589681
0.9680589680589681
0.9680589680589681
0.9680589680589681
0.9680589680589681
0.9680589680589681
0.9680589680589681
0.9680589680589681
0.9680589680589681
0.9680589680589681
0.9680589680589681
0.9680589680589681
0.9680589680589681
0.9680589680589681
0.9680589680589681
0.9680589680589681
