0.625
0.65
0.6333333333333333
0.6416666666666667
0.6416666666666667
0.7277777777777777
0.6472222222222223
0.625
0.6694444444444444
0.6305555555555555
0.6472222222222223
0.6361111111111111
0.6388888888888888
0.6388888888888888
0.6333333333333333
0.6916666666666667
0.6583333333333333
0.6861111111111111
0.6388888888888888
0.6527777777777778
0.6361111111111111
0.7111111111111111
0.6694444444444444
0.6694444444444444
0.6333333333333333
0.6555555555555556
0.6666666666666666
0.6888888888888889
0.6777777777777778
0.7
0.6416666666666667
0.6583333333333333
0.7138888888888889
0.65
0.6888888888888889
0.7222222222222222
0.7333333333333333
0.7611111111111111
0.675
0.6916666666666667
0.6694444444444444
0.6611111111111111
0.6916666666666667
0.7333333333333333
0.7111111111111111
0.7083333333333334
0.6944444444444444
0.7194444444444444
0.675
0.7305555555555555
0.7305555555555555
0.7527777777777778
0.7388888888888889
0.7333333333333333
0.7111111111111111
0.7444444444444445
0.7444444444444445
0.7833333333333333
0.7305555555555555
0.7527777777777778
0.8555555555555555
0.7444444444444445
0.7305555555555555
0.7416666666666667
0.7583333333333333
0.75
0.7527777777777778
0.85
0.7777777777777778
0.7805555555555556
0.7944444444444444
0.7861111111111111
0.8166666666666667
0.8583333333333333
0.7861111111111111
0.8472222222222222
0.8472222222222222
0.8222222222222222
0.85
0.8194444444444444
0.8527777777777777
0.8472222222222222
0.8583333333333333
0.8944444444444445
0.8527777777777777
0.8583333333333333
0.825
0.8861111111111111
0.8527777777777777
0.8583333333333333
0.8666666666666667
0.8888888888888888
0.8611111111111112
0.9277777777777778
0.9194444444444444
0.9
0.8944444444444445
0.9666666666666667
0.9277777777777778
0.9277777777777778
0.9333333333333333
0.9277777777777778
0.9277777777777778
0.925
0.9277777777777778
0.925
0.9666666666666667
0.9666666666666667
0.9666666666666667
0.9666666666666667
0.9277777777777778
0.9666666666666667
0.9666666666666667
0.9666666666666667
0.9277777777777778
0.9666666666666667
0.9666666666666667
0.9666666666666667
0.9666666666666667
0.9666666666666667
0.9666666666666667
0.9666666666666667
0.9666666666666667
0.9666666666666667
0.9666666666666667
0.9666666666666667
0.9666666666666667
0.9666666666666667
0.9666666666666667
0.9666666666666667
0.9666666666666667
0.9666666666666667
0.9666666666666667
0.9666666666666667
0.9666666666666667
0.9666666666666667
0.9666666666666667
0.9666666666666667
0.9666666666666667
0.9666666666666667
0.9666666666666667
0.9666666666666667
0.9666666666666667
0.9666666666666667
0.9666666666666667
0.9666666666666667
0.9666666666666667
0.9666666666666667
0.9666666666666667
0.9666666666666667
0.9666666666666667
0.9666666666666667
0.9666666666666667
0.9666666666666667
0.9666666666666667
0.9666666666666667
0.9666666666666667
0.9666666666666667
0.9666666666666667
0.9666666666666667
0.9666666666666667
0.9666666666666667
0.9666666666666667
0.9666666666666667
0.9666666666666667
0.9666666666666667
0.9666666666666667
0.9666666666666667
0.9666666666666667
0.9666666666666667
0.9666666666666667
0.9666666666666667
0.9666666666666667
0.9666666666666667
0.9666666666666667
0.9666666666666667
0.9666666666666667
0.9666666666666667
0.9666666666666667
0.9666666666666667
0.9666666666666667
0.9666666666666667
0.9666666666666667
0.9666666666666667
0.9666666666666667
0.9666666666666667
0.9666666666666667
0.9666666666666667
0.9666666666666667
0.9666666666666667
0.9666666666666667
0.9666666666666667
0.9666666666666667
0.9666666666666667
0.9666666666666667
0.9666666666666667
0.9666666666666667
0.9666666666666667
0.9666666666666667
0.9666666666666667
0.9666666666666667
0.9666666666666667
0.9666666666666667
0.9666666666666667
0.9666666666666667
0.9666666666666667
0.9666666666666667
0.9666666666666667
0.9666666666666667
0.9666666666666667
0.9666666666666667
0.9666666666666667
0.9666666666666667
0.9666666666666667
0.9666666666666667
0.9666666666666667
0.9666666666666667
0.9666666666666667
0.9666666666666667
0.9666666666666667
0.9666666666666667
0.9666666666666667
0.9666666666666667
0.9666666666666667
0.9666666666666667
0.9666666666666667
0.9666666666666667
0.9666666666666667
0.9666666666666667
0.9666666666666667
0.9666666666666667
0.9666666666666667
0.9666666666666667
0.9666666666666667
